q9-customer: 21.083871841430664
q20-customer: 21.453158140182495
q17-customer: 11.701588869094849
q21-customer: 32.40275025367737
q8-customer: 11.189516067504883
q5-customer: 12.025795936584473
q3-customer: 15.326334238052368
q4-customer: 11.823400974273682
q6-customer: 11.723598957061768
q1-customer: 17.30905294418335
q19-customer: 14.677594184875488
q7-customer: 15.46829605102539
q12-customer: 14.73670506477356
q13-customer: 16.565600156784058
q14-customer: 12.052886009216309
q22-customer: 10.608487844467163
q9-customer: 20.485424041748047
q20-customer: 22.228455066680908
q17-customer: 11.684557676315308
q21-customer: 31.14633297920227
q8-customer: 11.212506294250488
q5-customer: 11.825067043304443
q3-customer: 15.256964206695557
q4-customer: 12.451917171478271
q6-customer: 11.872358798980713
q1-customer: 15.902737140655518
q19-customer: 14.725956201553345
q7-customer: 16.14141273498535
q12-customer: 14.695133209228516
q13-customer: 17.10044813156128
q14-customer: 12.18660593032837
q22-customer: 10.786320209503174
