q9-customer: 31.308500051498413
q20-customer: 1.6124498844146729
q17-customer: 0.2039930820465088
q21-customer: 10.07095980644226
q8-customer: 0.3764009475708008
q5-customer: 0.842339038848877
q3-customer: 199.23983430862427
q4-customer: 0.855679988861084
q6-customer: 0.203233003616333
q1-customer: 5.342217922210693
q19-customer: 0.20498919486999512
q7-customer: 0.7018251419067383
q15-customer: 0.029515981674194336
q12-customer: 0.6752681732177734
q13-customer: 6.059355020523071
q14-customer: 0.1906580924987793
q22-customer: 2.323068141937256
q9-customer: 32.28989100456238
q20-customer: 1.938180923461914
q17-customer: 0.2096691131591797
q21-customer: 9.643043994903564
q8-customer: 0.4466359615325928
q5-customer: 1.1117630004882812
q3-customer: 224.76489186286926
q4-customer: 1.0609488487243652
q6-customer: 0.3410360813140869
q1-customer: 6.678159236907959
q19-customer: 0.24286270141601562
q7-customer: 0.6701071262359619
q12-customer: 0.7419426441192627
q13-customer: 6.156251907348633
q14-customer: 0.21224212646484375
q22-customer: 2.3630189895629883
